dfn
C	10	6.73	397
C	20	8.01	81
C	30	9.04	46
C	40	9.23	15
C	50	10.82	12
PF	10	6.27	403
PF	20	7.8		104
PF	30	9.56	49
PF	40	7.36	5
PF	50	10.15	11
PG	10	6.46	395
PG	20	9.49	75
PG	30	8.65	62
PG	40	8.65	56
PG	50	7.22	19
PG	60	9.23	11
SF	10	6.48	417
SF	20	8.12	64
SF	30	8.31	39
SF	40	7.85	21
SF	50	5.56	22
SG	10	6.45	528
SG	20	7.37	81
SG	30	7.36	29
SG	40	8.8		6
SG	60	15.15	8

saber
C	10	7.02	400
C	20	8.12	81
C	30	10.81	46
C	40	10.49	15
C	50	9.39	12
PF	10	6.4		419
PF	20	8.07	103
PF	30	9.81	49
PF	40	6.76	5
PF	50	10.58	11
PG	10	6.71	424
PG	20	9.61	75
PG	30	9.1		62
PG	40	9.57	56
PG	50	7.55	19
PG	60	11.2	11
SF	10	6.65	440
SF	20	7.93	64
SF	30	9.76	39
SF	40	9.24	21
SF	50	6.73	22
SG	10	6.58	595
SG	20	8.46	81
SG	30	7.29	29
SG	40	7.13	6
SG	60	12.67	8

nf
C	10	6.66	368
C	20	8.03	70
C	30	8.89	41
C	40	8.35	13
C	50	8.75	10
PF	10	6.35	387
PF	20	8.07	90
PF	30	9.87	38
PF	40	6.58	5
PF	50	12.08	9
PG	10	6.71	363
PG	20	9.47	63
PG	30	8.55	53
PG	40	9.32	46
PG	50	8.5	1	7
PG	60	10.92	9
SF	10	6.6		379
SF	20	8.11	57
SF	30	10		33
SF	40	6.7		18
SF	50	5.94	19
SG	10	6.49	515
SG	20	7.61	63
SG	30	8.06	25
SG	40	8.27	6
SG	60	11.35	6

fc
C	10	6.88	335
C	20	8.16	70
C	30	9.66	41
C	40	5.79	13
C	50	8.18	10
PF	10	6.76	337
PF	20	7.97	90
PF	30	11.21	38
PF	40	9.25	5
PF	50	10.75	9
PG	10	6.63	330
PG	20	9.92	63
PG	30	8.85	53
PG	40	9.67	46
PG	50	9.29	17
PG	60	11.08	9
SF	10	6.65	363
SF	20	7.86	57
SF	30	9.81	33
SF	40	8.08	18
SF	50	6.89	19
SG	10	6.54	481
SG	20	7.1		63
SG	30	7.77	25
SG	40	8.83	6
SG	60	15.64	6