dfn:   2962, 3003.9, 2429.2, 2734.6, 2565.4
saber: 3372.31, 3401.99, 2488.59, 2934.65, 2809.94
nf: 3433.2, 3414.9, 2577.5, 3051, 2812.2

dfn: 9.9, 8.76, 8.26, 8.75, 8.83, 318
1, 6.37, 6.71, 6.27, 7.34, 6.91, 679
2, 8.64, 8.01, 9.3, 7.46, 8.38, 430
3, 11.11, 8.28, 8.05, 8.68, 8.82, 215
4, 8.88, 2.03, 9.23, 8.35, 7.47, 79
5, 6.51, 15.72, 3.7, 3.9, 8.1, 20

saber: 9.92, 8.61, 9.04, 9.14, 9.06, 270
1, 7.6, 6.98, 6.78, 7.57, 7.59, 917
2, 8.6, 9.2, 8.36, 7.52, 8.14, 419
3, 10.52, 8.16, 9.69, 9.05, 8.91, 191
4, 8.57, 12.52, 8.63, 9.51, 9.64, 66
5, 9.52, 11.53, 1.79, 9.06, 8.76, 13

nf: 10.41, 8.36, 9.84, 8.61, 9.26, 320
1, 7.01, 6.98, 7.04, 7.66, 6.61, 623
2, 8.29, 8.89, 8.09, 8.69, 8.65, 492
3, 10.49, 8.19, 9.53, 8.09, 9.19, 221
4, 11.08, 1.85, 10.56, 11.56, 9.62, 85
5, 5.5, 13.46, 3, 0, 0, 11